RUNNING: 1
PDFReweightTool: PDFORIG = 0.611885 * 5.04774 = 3.08864 | 79.8206 0.0891022 0.0188473 2 0
                 PDFNEW  = 0.611886 * 5.04776 = 3.08865                 EQUAL? YES
RUNNING: 2
PDFReweightTool: PDFORIG = 0.611885 * 5.04774 = 3.08864 | 79.8206 0.0891022 0.0188473 2 0
                 PDFNEW  = 0.600934 * 5.0872 = 3.05707                 EQUAL? NO
RUNNING: 3
PDFReweightTool: PDFORIG = 0.611885 * 5.04774 = 3.08864 | 79.8206 0.0891022 0.0188473 2 0
                 PDFNEW  = 0.615526 * 5.16513 = 3.17927                 EQUAL? NO
RUNNING: 4
PDFReweightTool: PDFORIG = 0.611885 * 5.04774 = 3.08864 | 79.8206 0.0891022 0.0188473 2 0
                 PDFNEW  = 0.622955 * 5.1784 = 3.22591                 EQUAL? NO
