
[DEBUG INFORMATION]: EWUnfoldManager EW_Nominal
-----------------------------------------------------------------------------
 Binning          |   0 - 0.21 |   0.21 - 0.42 |   0.42 - 0.63 |   0.63 - 0.84 |   0.84 - 1.05 |   1.05 - 1.37 |   1.37 - 1.52 |   1.52 - 1.74 |   1.74 - 1.95 |   1.95 - 2.18 |   2.18 - 2.4 | 
-----------------------------------------------------------------------------
 C_W Factors      | 0.474     | 0.628     | 0.651     | 0.551     | 0.531     | 0.669     | 0.786     | 0.785     | 0.778     | 0.746     | 0.749     | 
 Fiducial Factors | 0.892     | 0.891     | 0.891     | 0.892     | 0.894     | 0.891     | 0.893     | 0.894     | 0.894     | 0.891     | 0.886     | 
 Eff.Reco. Factors| 0.423     | 0.560     | 0.580     | 0.493     | 0.475     | 0.597     | 0.701     | 0.701     | 0.696     | 0.665     | 0.664     | 
 Purity           | 0.986     | 0.944     | 0.976     | 0.917     | 0.924     | 0.969     | 0.972     | 0.982     | 1.002     | 0.985     | 0.987     | 
-----------------------------------------------------------------------------
 Response Matrix
-----------------------------------------------------------------------------
 Overflow Factors | Matrix Content ->
-----------------------------------------------------------------------------
1            | 0.993906     | 0.004205     | 0.000280     | 6.9056e-     | 2.74006e     | 2.27464e     | 0            | 0            | 0            | 0            | 0            | 
1            | 0.005681     | 0.992037     | 0.003315     | 0.000234     | 5.08087e     | 1.66077e     | 2.62116e     | 0            | 0            | 0            | 0            | 
1            | 0.000306     | 0.003451     | 0.992267     | 0.003971     | 0.000239     | 2.28103e     | 6.73229e     | 0            | 0            | 2.13357e     | 0            | 
1            | 7.0835e-     | 0.000241     | 0.003803     | 0.99184      | 0.004638     | 0.000171     | 1.63082e     | 2.75654e     | 0            | 0            | 0            | 
1            | 2.20588e     | 3.92551e     | 0.000252     | 0.003587     | 0.992031     | 0.001891     | 9.84324e     | 3.67007e     | 1.05637e     | 0            | 0            | 
1            | 1.34912e     | 1.82071e     | 5.22873e     | 0.000261     | 0.002879     | 0.995065     | 0.004843     | 0.000339     | 6.52922e     | 1.24202e     | 3.16703e     | 
1            | 0            | 2.86271e     | 1.60105e     | 2.00385e     | 8.18889e     | 0.002382     | 0.990246     | 0.003106     | 0.000125     | 3.47245e     | 3.66983e     | 
1            | 0            | 0            | 1.26821e     | 9.98039e     | 4.48036e     | 0.000349     | 0.004467     | 0.99308      | 0.003381     | 0.000185     | 3.4026e-     | 
1            | 0            | 3.88018e     | 0            | 6.54405e     | 4.63996e     | 7.36098e     | 0.000243     | 0.003184     | 0.992904     | 0.003250     | 0.000158     | 
1            | 0            | 0            | 0            | 0            | 1.95066e     | 2.31646e     | 6.01185e     | 0.000212     | 0.003316     | 0.993129     | 0.003339     | 
1            | 0            | 0            | 0            | 0            | 0            | 2.07297e     | 1.4846e-     | 3.79473e     | 0.000197     | 0.003385     | 0.996462     | 
-----------------------------------------------------------------------------

   Binning   |   Data   |   Truth   | Truth (Norm.) |  Unf. Nominal |  Unf. Nom. (Norm) | Unf. BinByBin  | Unf. Matrix | Stat. Unc. |
-------------------------------------------------------------------------------------------------------------------------------------
  0     - 0.21  | 429447  | 764840  | 0.0970677  | 904355 (705.7)  | 0.0978158  | 904355 (1401.)  | 904322 (615.2)  | 1388.22  | 
  0.21  - 0.42  | 561285  | 760029  | 0.0964572  | 893109 (808.4)  | 0.0965994  | 893109 (1231.)  | 893143 (701.7)  | 1177.05  | 
  0.42  - 0.63  | 578448  | 752315  | 0.0954782  | 887244 (819.2)  | 0.0959651  | 887244 (1208.)  | 887215 (712.4)  | 1173.83  | 
  0.63  - 0.84  | 480387  | 741911  | 0.0941577  | 870559 (747.5)  | 0.0941604  | 870559 (1286.)  | 870509 (649.4)  | 1257.59  | 
  0.84  - 1.05  | 445531  | 727528  | 0.0923323  | 837539 (719.3)  | 0.0905889  | 837539 (1281.)  | 837684 (626.0)  | 1235.65  | 
  1.05  - 1.37  | 847109  | 1.07181e+06  | 0.136026  | 1.26436e+06 (994.6)  | 0.136754  | 1.26436e+06 (1426.)  | 1.26429e+06 (864.9)  | 1358.31  | 
  1.37  - 1.52  | 447926  | 485202  | 0.0615782  | 569857 (726.2)  | 0.0616363  | 569857 (891.0)  | 569882 (626.4)  | 844.354  | 
  1.52  - 1.74  | 638716  | 689022  | 0.0874455  | 813624 (865.6)  | 0.0880022  | 813624 (1065.)  | 813616 (750.4)  | 1034.07  | 
  1.74  - 1.95  | 582786  | 631197  | 0.0801068  | 748509 (825.6)  | 0.0809594  | 748509 (1026.)  | 748430 (716.8)  | 966.517  | 
  1.95  - 2.18  | 567995  | 659055  | 0.0836423  | 760789 (816.7)  | 0.0822876  | 760789 (1053.)  | 760887 (706.7)  | 986.317  | 
  2.18  - 2.4   | 521598  | 596537  | 0.0757079  | 695548 (786.3)  | 0.075231  | 695548 (1006.)  | 695525 (677.5)  | 955.041  | 
-------------------------------------------------------------------------------------------------------------------------------------


-----------------------------------------------------------------------------------------------------------------------------------------------------------------------------------------------------------------------------------------------------------------------------------------
| Bin                       |  0        - 0.21     | 0.21     - 0.42     | 0.42     - 0.63     | 0.63     - 0.84     | 0.84     - 1.05     | 1.05     - 1.37     | 1.37     - 1.52     | 1.52     - 1.74     | 1.74     - 1.95     | 1.95     - 2.18     | 2.18     - 2.4      | 
-----------------------------------------------------------------------------------------------------------------------------------------------------------------------------------------------------------------------------------------------------------------------------------------
| Results                   |  904355             | 893109             | 887244             | 870559             | 837539             | 1.26436e+06        | 569857             | 813624             | 748509             | 760789             | 695548             | 
| Combined Unc.             |  20423.5   (2.25\%) | 18244.7   (2.04\%) | 19015.3   (2.14\%) | 20161.4   (2.31\%) | 20652.6   (2.46\%) | 28970     (2.29\%) | 11202.2   (1.96\%) | 16270.5   (1.99\%) | 14822     (1.98\%) | 15644.3   (2.05\%) | 15224.4   (2.18\%) | 
-----------------------------------------------------------------------------------------------------------------------------------------------------------------------------------------------------------------------------------------------------------------------------------------
| Stat. Unc.                |  1434.93   (0.15\%) | 1312.31   (0.14\%) | 1274.64   (0.14\%) | 1348.55   (0.15\%) | 1391.82   (0.16\%) | 1505.02   (0.11\%) | 922.697   (0.16\%) | 1084.58   (0.13\%) | 1064.72   (0.14\%) | 1074.12   (0.14\%) | 1056.6    (0.15\%) | 
| Sys. Unc.                 |  18775.4   (2.07\%) | 16817.5   (1.88\%) | 16598.2   (1.87\%) | 17513.7   (2.01\%) | 19467.2   (2.32\%) | 27640.1   (2.18\%) | 10290     (1.80\%) | 14796.2   (1.81\%) | 14093.6   (1.88\%) | 14427.1   (1.89\%) | 13631.3   (1.95\%) | 
| Bkg. Unc.                 |  7908.54   (0.87\%) | 6951.18   (0.77\%) | 9190.02   (1.03\%) | 9896.07   (1.13\%) | 6754.2    (0.80\%) | 8545.22   (0.67\%) | 4330.57   (0.75\%) | 6680.15   (0.82\%) | 4464.11   (0.59\%) | 5954.04   (0.78\%) | 6697.31   (0.96\%) | 
-----------------------------------------------------------------------------------------------------------------------------------------------------------------------------------------------------------------------------------------------------------------------------------------
| Stat. Unc. (MC)           |  1078.22   (0.11\%) | 773.654   (0.08\%) | 762.973   (0.08\%) | 922.912   (0.10\%) | 918.836   (0.10\%) | 881.003   (0.06\%) | 436.702   (0.07\%) | 464.352   (0.05\%) | 515.031   (0.06\%) | 524.927   (0.06\%) | 512.084   (0.07\%) | 
| AlternativeUnfolding      |  0         (0.00\%) | 0         (0.00\%) | 0         (0.00\%) | 0         (0.00\%) | 0         (0.00\%) | 0         (0.00\%) | 0         (0.00\%) | 0         (0.00\%) | 0         (0.00\%) | 0         (0.00\%) | 0         (0.00\%) | 
| JetScale                  |  -1718.07  (0.18\%) | -1258.65  (0.14\%) | -1287.46  (0.14\%) | -1643.54  (0.18\%) | -1535.32  (0.18\%) | -1892.95  (0.14\%) | -927.346  (0.16\%) | -1570.38  (0.19\%) | -1087.58  (0.14\%) | -1224.09  (0.16\%) | -1173.87  (0.16\%) | 
| JetResol                  |  905.661   (0.10\%) | 677.345   (0.07\%) | 598.187   (0.06\%) | 914.209   (0.10\%) | 524.963   (0.06\%) | 1002.13   (0.07\%) | 395.259   (0.06\%) | 526.067   (0.06\%) | 579.418   (0.07\%) | 600.646   (0.07\%) | 481.645   (0.06\%) | 
| ResoSoftTerms             |  -981.65   (0.10\%) | -706.181  (0.07\%) | -662.872  (0.07\%) | -352.566  (0.00\%) | -298.523  (0.00\%) | -389.581  (0.00\%) | -234.913  (0.00\%) | 33.4681   (0.00\%) | 46.2476   (0.00\%) | 133.707   (0.00\%) | 163.239   (0.00\%) | 
| ScaleSoftTerms            |  -1661.54  (0.18\%) | -1465.84  (0.16\%) | -1738.51  (0.19\%) | -1803.85  (0.20\%) | -1882.63  (0.22\%) | -3364.67  (0.26\%) | -1557.79  (0.27\%) | -2186.93  (0.26\%) | -1932.34  (0.25\%) | -2106.34  (0.27\%) | -2206.82  (0.31\%) | 
| MuonKScale                |  -797.508  (0.08\%) | -721.181  (0.08\%) | -758.636  (0.08\%) | -953.258  (0.10\%) | -863.143  (0.10\%) | -3591.92  (0.28\%) | -1664.11  (0.29\%) | -2675.7   (0.32\%) | -2979.9   (0.39\%) | -2919.03  (0.38\%) | -2621.21  (0.37\%) | 
| MuonCScale                |  1275.17   (0.14\%) | 1182.31   (0.13\%) | 1105.69   (0.12\%) | 920.492   (0.10\%) | 833.396   (0.09\%) | -2319.68  (0.18\%) | -1388.08  (0.24\%) | -1893.69  (0.23\%) | -2902.01  (0.38\%) | -2824.83  (0.37\%) | -2626.32  (0.37\%) | 
| MuonResID                 |  15.3338   (0.00\%) | 14.9528   (0.00\%) | -10.9407  (0.00\%) | 31.5957   (0.00\%) | 46.8066   (0.00\%) | -118.819  (0.00\%) | 105.479   (0.00\%) | 52.4493   (0.00\%) | 27.1845   (0.00\%) | 63.4709   (0.00\%) | 18.8507   (0.00\%) | 
| MuonResMS                 |  23.6337   (0.00\%) | 11.5793   (0.00\%) | 8.73805   (0.00\%) | -50.27    (0.00\%) | 59.6499   (0.00\%) | -16.385   (0.00\%) | 73.5081   (0.00\%) | -66.151   (0.00\%) | 50.7312   (0.00\%) | 138.333   (0.00\%) | -145.472  (0.00\%) | 
| MuonTriggerSF             |  18046.8   (1.99\%) | 16423.7   (1.83\%) | 16143.5   (1.81\%) | 16986.4   (1.95\%) | 18972.9   (2.26\%) | 26384.1   (2.08\%) | 9734.22   (1.70\%) | 14010.1   (1.72\%) | 13005.7   (1.73\%) | 13310.7   (1.74\%) | 12222.6   (1.75\%) | 
| MuonRecoSF                |  3988.06   (0.44\%) | 2425.71   (0.27\%) | 2651.65   (0.29\%) | 2943.6    (0.33\%) | 3232.21   (0.38\%) | 5720.19   (0.45\%) | 1651.47   (0.28\%) | 2037.01   (0.25\%) | 2579.96   (0.34\%) | 2802.07   (0.36\%) | 3982.76   (0.57\%) | 
| MuonIsoSF                 |  0         (0.00\%) | 0         (0.00\%) | 0         (0.00\%) | 0         (0.00\%) | 0         (0.00\%) | 0         (0.00\%) | 0         (0.00\%) | 0         (0.00\%) | 0         (0.00\%) | 0         (0.00\%) | 0         (0.00\%) | 
| unfoldPowhegJimmy         |  1108.26   (0.12\%) | 2604.41   (0.29\%) | 4498.16   (0.50\%) | 6263.48   (0.71\%) | 2615.13   (0.31\%) | 2480.11   (0.19\%) | 2181.97   (0.38\%) | 4490.38   (0.55\%) | -270.479  (0.00\%) | 3054.44   (0.40\%) | 4870.56   (0.70\%) | 
| unfoldMCNLO               |  6710.36   (0.74\%) | 4871.89   (0.54\%) | 7109.33   (0.80\%) | 6155.73   (0.70\%) | 4508.09   (0.53\%) | 5504.92   (0.43\%) | 2436.35   (0.42\%) | 1629.34   (0.20\%) | 328.476   (0.00\%) | -1109.08  (0.14\%) | -296.598  (0.00\%) | 
| QCD                       |  2543.16   (0.28\%) | 2688.71   (0.30\%) | 1768.18   (0.19\%) | 3099.18   (0.35\%) | 2339.39   (0.27\%) | 2276.92   (0.18\%) | 804.496   (0.14\%) | 2191.53   (0.26\%) | 1727.51   (0.23\%) | 1951.08   (0.25\%) | 1449.11   (0.20\%) | 
| EWK                       |  3133.72   (0.34\%) | 3251.39   (0.36\%) | 3248.69   (0.36\%) | 3347.1    (0.38\%) | 3603.42   (0.43\%) | 5601.91   (0.44\%) | 2722.1    (0.47\%) | 4123.51   (0.50\%) | 4094.25   (0.54\%) | 4591.75   (0.60\%) | 4352.44   (0.62\%) | 
-----------------------------------------------------------------------------------------------------------------------------------------------------------------------------------------------------------------------------------------------------------------------------------------
| BinByBin                  |  904355    (0.00\%) | 893109    (0.00\%) | 887244    (0.00\%) | 870559    (0.00\%) | 837539    (0.00\%) | 1.26436e+ (0.00\%) | 569857    (0.00\%) | 813624    (0.00\%) | 748509    (0.00\%) | 760789    (0.00\%) | 695548    (0.00\%) | 
-----------------------------------------------------------------------------------------------------------------------------------------------------------------------------------------------------------------------------------------------------------------------------------------
 Table: Unfolding Summary 


-----------------------------------------------------------------------------------------------------------------------------------------------
| 1           -0.0177397  0.00446124  0.0451397   -0.0017420  -0.0065896  0.0277803   0.00366141  -0.0280072  0.00585921  -7.3206e-0    |
| -0.0177397  1           -0.0037197  -0.0018870  0.0160649   0.0145103   0.0111523   -0.0175767  0.00136082  -0.0218765  -0.0075453    |
| 0.00446124  -0.0037197  1           -0.0136438  -0.0165248  -0.0562399  0.00692294  -0.0392445  -0.0375532  -0.0048171  0.00238303    |
| 0.0451397   -0.0018870  -0.0136438  1           -0.0590004  0.0047651   -0.018326   -0.0216206  -0.0227655  -0.0293951  -0.0084173    |
| -0.0017420  0.0160649   -0.0165248  -0.0590004  1           -0.0265472  0.00694312  0.00452336  -0.0245984  -0.0245113  -0.0171251    |
| -0.0065896  0.0145103   -0.0562399  0.0047651   -0.0265472  1           -0.0144946  0.00222251  -0.0001750  -0.0161039  -0.0180379    |
| 0.0277803   0.0111523   0.00692294  -0.018326   0.00694312  -0.0144946  1           0.00143353  0.0051141   -0.0045890  0.028691      |
| 0.00366141  -0.0175767  -0.0392445  -0.0216206  0.00452336  0.00222251  0.00143353  1           0.0397361   -0.021515   0.00653855    |
| -0.0280072  0.00136082  -0.0375532  -0.0227655  -0.0245984  -0.0001750  0.0051141   0.0397361   1           0.0140914   -0.0046294    |
| 0.00585921  -0.0218765  -0.0048171  -0.0293951  -0.0245113  -0.0161039  -0.0045890  -0.021515   0.0140914   1           -0.0058084    |
| -7.3206e-0  -0.0075453  0.00238303  -0.0084173  -0.0171251  -0.0180379  0.028691    0.00653855  -0.0046294  -0.0058084  1             |
-----------------------------------------------------------------------------------------------------------------------------------------------
 Table: Statistical Uncertainty Correlations

-----------------------------------------------------------------------------------------------------------------------------------------------
| 1           0.997265    0.998096    0.998137    0.99744     0.98265     0.968225    0.964551    0.943993    0.947686    0.944436      |
| 0.997265    1           0.99969     0.998824    0.998879    0.980978    0.96885     0.96692     0.943124    0.94599     0.9357        |
| 0.998096    0.99969     1           0.999333    0.999308    0.983217    0.971209    0.969007    0.946098    0.949257    0.940873      |
| 0.998137    0.998824    0.999333    1           0.999394    0.986081    0.974945    0.973287    0.951843    0.955095    0.947479      |
| 0.99744     0.998879    0.999308    0.999394    1           0.986709    0.975194    0.973289    0.952474    0.955579    0.947635      |
| 0.98265     0.980978    0.983217    0.986081    0.986709    1           0.996174    0.994084    0.988093    0.989716    0.985451      |
| 0.968225    0.96885     0.971209    0.974945    0.975194    0.996174    1           0.998928    0.995131    0.995892    0.987093      |
| 0.964551    0.96692     0.969007    0.973287    0.973289    0.994084    0.998928    1           0.994636    0.995194    0.984258      |
| 0.943993    0.943124    0.946098    0.951843    0.952474    0.988093    0.995131    0.994636    1           0.999737    0.992929      |
| 0.947686    0.94599     0.949257    0.955095    0.955579    0.989716    0.995892    0.995194    0.999737    1           0.994449      |
| 0.944436    0.9357      0.940873    0.947479    0.947635    0.985451    0.987093    0.984258    0.992929    0.994449    1             |
-----------------------------------------------------------------------------------------------------------------------------------------------
 Table: Systematic Uncertainty Correlations

-----------------------------------------------------------------------------------------------------------------------------------------------
| 1           0.956916    0.926924    0.851218    0.943366    0.932728    0.856774    0.651243    0.5418      0.324797    0.391425      |
| 0.956916    1           0.965347    0.952447    0.996383    0.969951    0.948956    0.838427    0.607546    0.54913     0.629109      |
| 0.926924    0.965347    1           0.970815    0.961084    0.923423    0.939781    0.79903     0.425935    0.442665    0.593061      |
| 0.851218    0.952447    0.970815    1           0.949156    0.889593    0.939635    0.888692    0.438815    0.572287    0.720309      |
| 0.943366    0.996383    0.961084    0.949156    1           0.984389    0.970283    0.866014    0.648994    0.59924     0.673677      |
| 0.932728    0.969951    0.923423    0.889593    0.984389    1           0.970234    0.844301    0.734176    0.621774    0.666229      |
| 0.856774    0.948956    0.939781    0.939635    0.970283    0.970234    1           0.924863    0.659257    0.699317    0.790203      |
| 0.651243    0.838427    0.79903     0.888692    0.866014    0.844301    0.924863    1           0.670309    0.882954    0.950188      |
| 0.5418      0.607546    0.425935    0.438815    0.648994    0.734176    0.659257    0.670309    1           0.789325    0.632445      |
| 0.324797    0.54913     0.442665    0.572287    0.59924     0.621774    0.699317    0.882954    0.789325    1           0.953416      |
| 0.391425    0.629109    0.593061    0.720309    0.673677    0.666229    0.790203    0.950188    0.632445    0.953416    1             |
-----------------------------------------------------------------------------------------------------------------------------------------------
 Table: Background Uncertainty Correlations

-----------------------------------------------------------------------------------------------------------------------------------------------
| 1           0.924584    0.903457    0.830935    0.909025    0.903607    0.825518    0.632589    0.517375    0.314681    0.380422      |
| 0.924584    1           0.939467    0.927271    0.959524    0.939119    0.91243     0.812689    0.580758    0.530298    0.61041       |
| 0.903457    0.939467    1           0.952513    0.931894    0.899434    0.910607    0.780337    0.409173    0.431373    0.580298      |
| 0.830935    0.927271    0.952513    1           0.919481    0.86818     0.910057    0.868687    0.42221     0.557323    0.704805      |
| 0.909025    0.959524    0.931894    0.919481    1           0.948577    0.929736    0.837368    0.617134    0.576701    0.65121       |
| 0.903607    0.939119    0.899434    0.86818     0.948577    1           0.934017    0.82081     0.703303    0.602121    0.647623      |
| 0.825518    0.91243     0.910607    0.910057    0.929736    0.934017    1           0.892908    0.627431    0.672925    0.764341      |
| 0.632589    0.812689    0.780337    0.868687    0.837368    0.82081     0.892908    1           0.645063    0.857079    0.926607      |
| 0.517375    0.580758    0.409173    0.42221     0.617134    0.703303    0.627431    0.645063    1           0.756164    0.607501      |
| 0.314681    0.530298    0.431373    0.557323    0.576701    0.602121    0.672925    0.857079    0.756164    1           0.926643      |
| 0.380422    0.61041     0.580298    0.704805    0.65121     0.647623    0.764341    0.926607    0.607501    0.926643    1             |
-----------------------------------------------------------------------------------------------------------------------------------------------
 Table: Combined Uncertainty Correlations

-----------------------------------------------------------------------------------------------------------------------------------------------
| 6.46064e+0  5.25718e+0  6.73766e+0  6.67067e+0  5.03872e+0  6.30197e+0  2.938e+07   3.4411e+07  1.90852e+0  1.5303e+07  2.07321e+0    |
| 5.25718e+0  5.00423e+0  6.16616e+0  6.55149e+0  4.68093e+0  5.76432e+0  2.85796e+0  3.89073e+0  1.88545e+0  2.26963e+0  2.92772e+0    |
| 6.73766e+0  6.16616e+0  8.60851e+0  8.82673e+0  5.96263e+0  7.2409e+07  3.74096e+0  4.89987e+0  1.7423e+07  2.4215e+07  3.65052e+0    |
| 6.67067e+0  6.55149e+0  8.82673e+0  9.97538e+0  6.33308e+0  7.52373e+0  4.02458e+0  5.87173e+0  1.93529e+0  3.36774e+0  4.7728e+07    |
| 5.03872e+0  4.68093e+0  5.96263e+0  6.33308e+0  4.7557e+07  5.67595e+0  2.83893e+0  3.90806e+0  1.95316e+0  2.40616e+0  3.04486e+0    |
| 6.30197e+0  5.76432e+0  7.2409e+07  7.52373e+0  5.67595e+0  7.52866e+0  3.5884e+07  4.81991e+0  2.80062e+0  3.16089e+0  3.80996e+0    |
| 2.938e+07   2.85796e+0  3.74096e+0  4.02458e+0  2.83893e+0  3.5884e+07  1.96054e+0  2.67566e+0  1.27499e+0  1.80269e+0  2.29464e+0    |
| 3.4411e+07  3.89073e+0  4.89987e+0  5.87173e+0  3.90806e+0  4.81991e+0  2.67566e+0  4.5801e+07  2.00351e+0  3.50934e+0  4.2518e+07    |
| 1.90852e+0  1.88545e+0  1.7423e+07  1.93529e+0  1.95316e+0  2.80062e+0  1.27499e+0  2.00351e+0  2.10623e+0  2.09959e+0  1.89033e+0    |
| 1.5303e+07  2.26963e+0  2.4215e+07  3.36774e+0  2.40616e+0  3.16089e+0  1.80269e+0  3.50934e+0  2.09959e+0  3.66045e+0  3.80118e+0    |
| 2.07321e+0  2.92772e+0  3.65052e+0  4.7728e+07  3.04486e+0  3.80996e+0  2.29464e+0  4.2518e+07  1.89033e+0  3.80118e+0  4.59704e+0    |
-----------------------------------------------------------------------------------------------------------------------------------------------
 Table: Combined Uncertainty Covariance

\hline
 Bin                        & 0        - 0.21       & 0.21     - 0.42       & 0.42     - 0.63       & 0.63     - 0.84       & 0.84     - 1.05       & 1.05     - 1.37       & 1.37     - 1.52       & 1.52     - 1.74       & 1.74     - 1.95       & 1.95     - 2.18       & 2.18     - 2.4       \\
\hline
 Results                    & 904355               & 893109               & 887244               & 870559               & 837539               & 1.26436e+06          & 569857               & 813624               & 748509               & 760789               & 695548               \\
 Comb. Unc.                 & 20423.5   (2.25\%)   & 18244.7   (2.04\%)   & 19015.3   (2.14\%)   & 20161.4   (2.31\%)   & 20652.6   (2.46\%)   & 28970     (2.29\%)   & 11202.2   (1.96\%)   & 16270.5   (1.99\%)   & 14822     (1.98\%)   & 15644.3   (2.05\%)   & 15224.4   (2.18\%)  \\
\hline
 Stat. Unc.                 & 1434.93   (0.15\%)   & 1312.31   (0.14\%)   & 1274.64   (0.14\%)   & 1348.55   (0.15\%)   & 1391.82   (0.16\%)   & 1505.02   (0.11\%)   & 922.697   (0.16\%)   & 1084.58   (0.13\%)   & 1064.72   (0.14\%)   & 1074.12   (0.14\%)   & 1056.6    (0.15\%)  \\
 Sys. Unc.                  & 18775.4   (2.07\%)   & 16817.5   (1.88\%)   & 16598.2   (1.87\%)   & 17513.7   (2.01\%)   & 19467.2   (2.32\%)   & 27640.1   (2.18\%)   & 10290     (1.80\%)   & 14796.2   (1.81\%)   & 14093.6   (1.88\%)   & 14427.1   (1.89\%)   & 13631.3   (1.95\%)  \\
 Bkg. Unc.                  & 7908.54   (0.87\%)   & 6951.18   (0.77\%)   & 9190.02   (1.03\%)   & 9896.07   (1.13\%)   & 6754.2    (0.80\%)   & 8545.22   (0.67\%)   & 4330.57   (0.75\%)   & 6680.15   (0.82\%)   & 4464.11   (0.59\%)   & 5954.04   (0.78\%)   & 6697.31   (0.96\%)  \\
\hline
 Stat. Unc. (MC)            & 1078.22   (0.11\%)   & 773.654   (0.08\%)   & 762.973   (0.08\%)   & 922.912   (0.10\%)   & 918.836   (0.10\%)   & 881.003   (0.06\%)   & 436.702   (0.07\%)   & 464.352   (0.05\%)   & 515.031   (0.06\%)   & 524.927   (0.06\%)   & 512.084   (0.07\%)  \\
 AlternativeUnfolding        & 0         (0.00\%)   & 0         (0.00\%)   & 0         (0.00\%)   & 0         (0.00\%)   & 0         (0.00\%)   & 0         (0.00\%)   & 0         (0.00\%)   & 0         (0.00\%)   & 0         (0.00\%)   & 0         (0.00\%)   & 0         (0.00\%)  \\
 JetScale                    & -1718.07  (0.18\%)   & -1258.65  (0.14\%)   & -1287.46  (0.14\%)   & -1643.54  (0.18\%)   & -1535.32  (0.18\%)   & -1892.95  (0.14\%)   & -927.346  (0.16\%)   & -1570.38  (0.19\%)   & -1087.58  (0.14\%)   & -1224.09  (0.16\%)   & -1173.87  (0.16\%)  \\
 JetResol                    & 905.661   (0.10\%)   & 677.345   (0.07\%)   & 598.187   (0.06\%)   & 914.209   (0.10\%)   & 524.963   (0.06\%)   & 1002.13   (0.07\%)   & 395.259   (0.06\%)   & 526.067   (0.06\%)   & 579.418   (0.07\%)   & 600.646   (0.07\%)   & 481.645   (0.06\%)  \\
 ResoSoftTerms               & -981.65   (0.10\%)   & -706.181  (0.07\%)   & -662.872  (0.07\%)   & -352.566  (0.00\%)   & -298.523  (0.00\%)   & -389.581  (0.00\%)   & -234.913  (0.00\%)   & 33.4681   (0.00\%)   & 46.2476   (0.00\%)   & 133.707   (0.00\%)   & 163.239   (0.00\%)  \\
 ScaleSoftTerms              & -1661.54  (0.18\%)   & -1465.84  (0.16\%)   & -1738.51  (0.19\%)   & -1803.85  (0.20\%)   & -1882.63  (0.22\%)   & -3364.67  (0.26\%)   & -1557.79  (0.27\%)   & -2186.93  (0.26\%)   & -1932.34  (0.25\%)   & -2106.34  (0.27\%)   & -2206.82  (0.31\%)  \\
 MuonKScale                  & -797.508  (0.08\%)   & -721.181  (0.08\%)   & -758.636  (0.08\%)   & -953.258  (0.10\%)   & -863.143  (0.10\%)   & -3591.92  (0.28\%)   & -1664.11  (0.29\%)   & -2675.7   (0.32\%)   & -2979.9   (0.39\%)   & -2919.03  (0.38\%)   & -2621.21  (0.37\%)  \\
 MuonCScale                  & 1275.17   (0.14\%)   & 1182.31   (0.13\%)   & 1105.69   (0.12\%)   & 920.492   (0.10\%)   & 833.396   (0.09\%)   & -2319.68  (0.18\%)   & -1388.08  (0.24\%)   & -1893.69  (0.23\%)   & -2902.01  (0.38\%)   & -2824.83  (0.37\%)   & -2626.32  (0.37\%)  \\
 MuonResID                   & 15.3338   (0.00\%)   & 14.9528   (0.00\%)   & -10.9407  (0.00\%)   & 31.5957   (0.00\%)   & 46.8066   (0.00\%)   & -118.819  (0.00\%)   & 105.479   (0.00\%)   & 52.4493   (0.00\%)   & 27.1845   (0.00\%)   & 63.4709   (0.00\%)   & 18.8507   (0.00\%)  \\
 MuonResMS                   & 23.6337   (0.00\%)   & 11.5793   (0.00\%)   & 8.73805   (0.00\%)   & -50.27    (0.00\%)   & 59.6499   (0.00\%)   & -16.385   (0.00\%)   & 73.5081   (0.00\%)   & -66.151   (0.00\%)   & 50.7312   (0.00\%)   & 138.333   (0.00\%)   & -145.472  (0.00\%)  \\
 MuonTriggerSF               & 18046.8   (1.99\%)   & 16423.7   (1.83\%)   & 16143.5   (1.81\%)   & 16986.4   (1.95\%)   & 18972.9   (2.26\%)   & 26384.1   (2.08\%)   & 9734.22   (1.70\%)   & 14010.1   (1.72\%)   & 13005.7   (1.73\%)   & 13310.7   (1.74\%)   & 12222.6   (1.75\%)  \\
 MuonRecoSF                  & 3988.06   (0.44\%)   & 2425.71   (0.27\%)   & 2651.65   (0.29\%)   & 2943.6    (0.33\%)   & 3232.21   (0.38\%)   & 5720.19   (0.45\%)   & 1651.47   (0.28\%)   & 2037.01   (0.25\%)   & 2579.96   (0.34\%)   & 2802.07   (0.36\%)   & 3982.76   (0.57\%)  \\
 MuonIsoSF                   & 0         (0.00\%)   & 0         (0.00\%)   & 0         (0.00\%)   & 0         (0.00\%)   & 0         (0.00\%)   & 0         (0.00\%)   & 0         (0.00\%)   & 0         (0.00\%)   & 0         (0.00\%)   & 0         (0.00\%)   & 0         (0.00\%)  \\
 unfoldPowhegJimmy           & 1108.26   (0.12\%)   & 2604.41   (0.29\%)   & 4498.16   (0.50\%)   & 6263.48   (0.71\%)   & 2615.13   (0.31\%)   & 2480.11   (0.19\%)   & 2181.97   (0.38\%)   & 4490.38   (0.55\%)   & -270.479  (0.00\%)   & 3054.44   (0.40\%)   & 4870.56   (0.70\%)  \\
 unfoldMCNLO                 & 6710.36   (0.74\%)   & 4871.89   (0.54\%)   & 7109.33   (0.80\%)   & 6155.73   (0.70\%)   & 4508.09   (0.53\%)   & 5504.92   (0.43\%)   & 2436.35   (0.42\%)   & 1629.34   (0.20\%)   & 328.476   (0.00\%)   & -1109.08  (0.14\%)   & -296.598  (0.00\%)  \\
 QCD                         & 2543.16   (0.28\%)   & 2688.71   (0.30\%)   & 1768.18   (0.19\%)   & 3099.18   (0.35\%)   & 2339.39   (0.27\%)   & 2276.92   (0.18\%)   & 804.496   (0.14\%)   & 2191.53   (0.26\%)   & 1727.51   (0.23\%)   & 1951.08   (0.25\%)   & 1449.11   (0.20\%)  \\
 EWK                         & 3133.72   (0.34\%)   & 3251.39   (0.36\%)   & 3248.69   (0.36\%)   & 3347.1    (0.38\%)   & 3603.42   (0.43\%)   & 5601.91   (0.44\%)   & 2722.1    (0.47\%)   & 4123.51   (0.50\%)   & 4094.25   (0.54\%)   & 4591.75   (0.60\%)   & 4352.44   (0.62\%)  \\
\\
 BinByBin                     & 904355    (0.00\%)   & 893109    (0.00\%)   & 887244    (0.00\%)   & 870559    (0.00\%)   & 837539    (0.00\%)   & 1.26436e+ (0.00\%)   & 569857    (0.00\%)   & 813624    (0.00\%)   & 748509    (0.00\%)   & 760789    (0.00\%)   & 695548    (0.00\%)  \\
\\
\hline
 Table: Unfolding Summary 


\hline
 1      & -0.01  & 0.004  & 0.045  & -0.00  & -0.00  & 0.027  & 0.003  & -0.02  & 0.005  & -7.32  \\
 -0.01  & 1      & -0.00  & -0.00  & 0.016  & 0.014  & 0.011  & -0.01  & 0.001  & -0.02  & -0.00  \\
 0.004  & -0.00  & 1      & -0.01  & -0.01  & -0.05  & 0.006  & -0.03  & -0.03  & -0.00  & 0.002  \\
 0.045  & -0.00  & -0.01  & 1      & -0.05  & 0.004  & -0.01  & -0.02  & -0.02  & -0.02  & -0.00  \\
 -0.00  & 0.016  & -0.01  & -0.05  & 1      & -0.02  & 0.006  & 0.004  & -0.02  & -0.02  & -0.01  \\
 -0.00  & 0.014  & -0.05  & 0.004  & -0.02  & 1      & -0.01  & 0.002  & -0.00  & -0.01  & -0.01  \\
 0.027  & 0.011  & 0.006  & -0.01  & 0.006  & -0.01  & 1      & 0.001  & 0.005  & -0.00  & 0.028  \\
 0.003  & -0.01  & -0.03  & -0.02  & 0.004  & 0.002  & 0.001  & 1      & 0.039  & -0.02  & 0.006  \\
 -0.02  & 0.001  & -0.03  & -0.02  & -0.02  & -0.00  & 0.005  & 0.039  & 1      & 0.014  & -0.00  \\
 0.005  & -0.02  & -0.00  & -0.02  & -0.02  & -0.01  & -0.00  & -0.02  & 0.014  & 1      & -0.00  \\
 -7.32  & -0.00  & 0.002  & -0.00  & -0.01  & -0.01  & 0.028  & 0.006  & -0.00  & -0.00  & 1      \\
\hline
 Table: Statistical Uncertainty Correlations

\hline
 1      & 0.997  & 0.998  & 0.998  & 0.997  & 0.982  & 0.968  & 0.964  & 0.943  & 0.947  & 0.944  \\
 0.997  & 1      & 0.999  & 0.998  & 0.998  & 0.980  & 0.968  & 0.966  & 0.943  & 0.945  & 0.935  \\
 0.998  & 0.999  & 1      & 0.999  & 0.999  & 0.983  & 0.971  & 0.969  & 0.946  & 0.949  & 0.940  \\
 0.998  & 0.998  & 0.999  & 1      & 0.999  & 0.986  & 0.974  & 0.973  & 0.951  & 0.955  & 0.947  \\
 0.997  & 0.998  & 0.999  & 0.999  & 1      & 0.986  & 0.975  & 0.973  & 0.952  & 0.955  & 0.947  \\
 0.982  & 0.980  & 0.983  & 0.986  & 0.986  & 1      & 0.996  & 0.994  & 0.988  & 0.989  & 0.985  \\
 0.968  & 0.968  & 0.971  & 0.974  & 0.975  & 0.996  & 1      & 0.998  & 0.995  & 0.995  & 0.987  \\
 0.964  & 0.966  & 0.969  & 0.973  & 0.973  & 0.994  & 0.998  & 1      & 0.994  & 0.995  & 0.984  \\
 0.943  & 0.943  & 0.946  & 0.951  & 0.952  & 0.988  & 0.995  & 0.994  & 1      & 0.999  & 0.992  \\
 0.947  & 0.945  & 0.949  & 0.955  & 0.955  & 0.989  & 0.995  & 0.995  & 0.999  & 1      & 0.994  \\
 0.944  & 0.935  & 0.940  & 0.947  & 0.947  & 0.985  & 0.987  & 0.984  & 0.992  & 0.994  & 1      \\
\hline
 Table: Systematic Uncertainty Correlations

\hline
 1      & 0.956  & 0.926  & 0.851  & 0.943  & 0.932  & 0.856  & 0.651  & 0.541  & 0.324  & 0.391  \\
 0.956  & 1      & 0.965  & 0.952  & 0.996  & 0.969  & 0.948  & 0.838  & 0.607  & 0.549  & 0.629  \\
 0.926  & 0.965  & 1      & 0.970  & 0.961  & 0.923  & 0.939  & 0.799  & 0.425  & 0.442  & 0.593  \\
 0.851  & 0.952  & 0.970  & 1      & 0.949  & 0.889  & 0.939  & 0.888  & 0.438  & 0.572  & 0.720  \\
 0.943  & 0.996  & 0.961  & 0.949  & 1      & 0.984  & 0.970  & 0.866  & 0.648  & 0.599  & 0.673  \\
 0.932  & 0.969  & 0.923  & 0.889  & 0.984  & 1      & 0.970  & 0.844  & 0.734  & 0.621  & 0.666  \\
 0.856  & 0.948  & 0.939  & 0.939  & 0.970  & 0.970  & 1      & 0.924  & 0.659  & 0.699  & 0.790  \\
 0.651  & 0.838  & 0.799  & 0.888  & 0.866  & 0.844  & 0.924  & 1      & 0.670  & 0.882  & 0.950  \\
 0.541  & 0.607  & 0.425  & 0.438  & 0.648  & 0.734  & 0.659  & 0.670  & 1      & 0.789  & 0.632  \\
 0.324  & 0.549  & 0.442  & 0.572  & 0.599  & 0.621  & 0.699  & 0.882  & 0.789  & 1      & 0.953  \\
 0.391  & 0.629  & 0.593  & 0.720  & 0.673  & 0.666  & 0.790  & 0.950  & 0.632  & 0.953  & 1      \\
\hline
 Table: Background Uncertainty Correlations

\hline
 1      & 0.924  & 0.903  & 0.830  & 0.909  & 0.903  & 0.825  & 0.632  & 0.517  & 0.314  & 0.380  \\
 0.924  & 1      & 0.939  & 0.927  & 0.959  & 0.939  & 0.912  & 0.812  & 0.580  & 0.530  & 0.610  \\
 0.903  & 0.939  & 1      & 0.952  & 0.931  & 0.899  & 0.910  & 0.780  & 0.409  & 0.431  & 0.580  \\
 0.830  & 0.927  & 0.952  & 1      & 0.919  & 0.868  & 0.910  & 0.868  & 0.422  & 0.557  & 0.704  \\
 0.909  & 0.959  & 0.931  & 0.919  & 1      & 0.948  & 0.929  & 0.837  & 0.617  & 0.576  & 0.651  \\
 0.903  & 0.939  & 0.899  & 0.868  & 0.948  & 1      & 0.934  & 0.820  & 0.703  & 0.602  & 0.647  \\
 0.825  & 0.912  & 0.910  & 0.910  & 0.929  & 0.934  & 1      & 0.892  & 0.627  & 0.672  & 0.764  \\
 0.632  & 0.812  & 0.780  & 0.868  & 0.837  & 0.820  & 0.892  & 1      & 0.645  & 0.857  & 0.926  \\
 0.517  & 0.580  & 0.409  & 0.422  & 0.617  & 0.703  & 0.627  & 0.645  & 1      & 0.756  & 0.607  \\
 0.314  & 0.530  & 0.431  & 0.557  & 0.576  & 0.602  & 0.672  & 0.857  & 0.756  & 1      & 0.926  \\
 0.380  & 0.610  & 0.580  & 0.704  & 0.651  & 0.647  & 0.764  & 0.926  & 0.607  & 0.926  & 1      \\
\hline
 Table: Combined Uncertainty Correlations

\hline
 6.460  & 5.257  & 6.737  & 6.670  & 5.038  & 6.301  & 2.938  & 3.441  & 1.908  & 1.530  & 2.073  \\
 5.257  & 5.004  & 6.166  & 6.551  & 4.680  & 5.764  & 2.857  & 3.890  & 1.885  & 2.269  & 2.927  \\
 6.737  & 6.166  & 8.608  & 8.826  & 5.962  & 7.240  & 3.740  & 4.899  & 1.742  & 2.421  & 3.650  \\
 6.670  & 6.551  & 8.826  & 9.975  & 6.333  & 7.523  & 4.024  & 5.871  & 1.935  & 3.367  & 4.772  \\
 5.038  & 4.680  & 5.962  & 6.333  & 4.755  & 5.675  & 2.838  & 3.908  & 1.953  & 2.406  & 3.044  \\
 6.301  & 5.764  & 7.240  & 7.523  & 5.675  & 7.528  & 3.588  & 4.819  & 2.800  & 3.160  & 3.809  \\
 2.938  & 2.857  & 3.740  & 4.024  & 2.838  & 3.588  & 1.960  & 2.675  & 1.274  & 1.802  & 2.294  \\
 3.441  & 3.890  & 4.899  & 5.871  & 3.908  & 4.819  & 2.675  & 4.580  & 2.003  & 3.509  & 4.251  \\
 1.908  & 1.885  & 1.742  & 1.935  & 1.953  & 2.800  & 1.274  & 2.003  & 2.106  & 2.099  & 1.890  \\
 1.530  & 2.269  & 2.421  & 3.367  & 2.406  & 3.160  & 1.802  & 3.509  & 2.099  & 3.660  & 3.801  \\
 2.073  & 2.927  & 3.650  & 4.772  & 3.044  & 3.809  & 2.294  & 4.251  & 1.890  & 3.801  & 4.597  \\
\hline
 Table: Combined Uncertainty Covariance

Correlation Matrix Check: Statistical Uncertainty
1471.87, 1284.97, 1071.31, 1213.44, 1210.52, 1364.89, 981.54, 1024.65, 971.312, 930.984, 1009.69, 


Correlation Matrix Check: Systematic Uncertainty
180258, 180158, 180468, 180892, 180919, 181982, 181105, 180792, 178820, 179189, 178057, 


Correlation Matrix Check: Background Uncertainty
60879.2, 67739.6, 65136.8, 66379.2, 68741.9, 67885.7, 69059.6, 65478.6, 48154.2, 50267.5, 55257.1, 


Correlation Matrix Check: Combined Uncertainty
154099, 170351, 163659, 166339, 172586, 172278, 172624, 164521, 124000, 127338, 138726, 

