
[DEBUG INFORMATION]: EWUnfoldManager EW_Nominal
-----------------------------------------------------------------------------
 Binning          |   20 - 25 |   25 - 30 |   30 - 35 |   35 - 40 |   40 - 45 |   45 - 50 |   50 - 120 | 
-----------------------------------------------------------------------------
 C_W Factors      | 0.594     | 0.489     | 0.463     | 0.445     | 0.444     | 0.459     | 0.559     | 
 Fiducial Factors | 0.675     | 0.842     | 0.927     | 0.959     | 0.952     | 0.910     | 0.722     | 
 Eff.Reco. Factors| 0.355     | 0.390     | 0.419     | 0.438     | 0.444     | 0.434     | 0.418     | 
 Purity           | 0.945     | 0.894     | 0.872     | 0.849     | 0.813     | 0.788     | 0.911     | 
-----------------------------------------------------------------------------
 Response Matrix
-----------------------------------------------------------------------------
 Overflow Factors | Matrix Content ->
-----------------------------------------------------------------------------
1            | 0.846997     | 0.018282     | 6.34502e     | 0            | 0            | 0            | 0            | 
1            | 0.103365     | 0.855102     | 0.025256     | 0            | 0            | 0            | 0            | 
1            | 0.022904     | 0.101808     | 0.857503     | 0.038473     | 0.000114     | 6.56594e     | 0            | 
1            | 0.016591     | 0.016927     | 0.107337     | 0.877301     | 0.084716     | 0.000585     | 5.7067e-     | 
1            | 0.006538     | 0.005671     | 0.007865     | 0.080797     | 0.860143     | 0.102763     | 0.000297     | 
1            | 0.002246     | 0.001428     | 0.001393     | 0.002355     | 0.052202     | 0.824116     | 0.050098     | 
1            | 0.001357     | 0.000781     | 0.000637     | 0.001072     | 0.002823     | 0.072469     | 0.949547     | 
-----------------------------------------------------------------------------

   Binning   |   Data   |   Truth   | Truth (Norm.) |  Unf. Nominal |  Unf. Nom. (Norm) | Unf. BinByBin  | Unf. Matrix | Stat. Unc. |
-------------------------------------------------------------------------------------------------------------------------------------
  20    - 25    | 35739.6  | 54209  | 0.0709665  | 60130.5 (235.1)  | 0.0667572  | 60130.5 (326.9)  | 60211.6 (131.6)  | 293.221  | 
  25    - 30    | 60457.4  | 107860  | 0.141203  | 123457 (260.3)  | 0.137062  | 123457 (510.4)  | 123486 (193.7)  | 447.285  | 
  30    - 35    | 91823.8  | 165821  | 0.217081  | 198198 (307.4)  | 0.22004  | 198198 (663.5)  | 197775 (251.6)  | 583.949  | 
  35    - 40    | 114408  | 209894  | 0.274778  | 256642 (352.8)  | 0.284926  | 256642 (768.6)  | 255606 (293.1)  | 673.277  | 
  40    - 45    | 67115.4  | 126836  | 0.166045  | 151081 (277.7)  | 0.167731  | 151081 (590.4)  | 151255 (219.6)  | 490.613  | 
  45    - 50    | 24627.6  | 47562.3  | 0.0622651  | 53630.2 (169.2)  | 0.0595405  | 53630.2 (346.4)  | 54070.5 (124.3)  | 272.774  | 
  50    - 120   | 32216.4  | 51684.8  | 0.067662  | 57596.2 (198.2)  | 0.0639436  | 57596.2 (329.0)  | 57705.3 (145.2)  | 291.076  | 
-------------------------------------------------------------------------------------------------------------------------------------


---------------------------------------------------------------------------------------------------------------------------------------------------------------------------------------------
| Bin                       |  20       - 25       | 25       - 30       | 30       - 35       | 35       - 40       | 40       - 45       | 45       - 50       | 50       - 120      | 
---------------------------------------------------------------------------------------------------------------------------------------------------------------------------------------------
| Results                   |  60130.5            | 123457             | 198198             | 256642             | 151081             | 53630.2            | 57596.2            | 
| Combined Unc.             |  2547.17   (4.23\%) | 3539.37   (2.86\%) | 5033.41   (2.53\%) | 5428.14   (2.11\%) | 4562.49   (3.01\%) | 1831.02   (3.41\%) | 1959.87   (3.40\%) | 
---------------------------------------------------------------------------------------------------------------------------------------------------------------------------------------------
| Stat. Unc.                |  445.224   (0.74\%) | 563.317   (0.45\%) | 668.433   (0.33\%) | 779.546   (0.30\%) | 600.013   (0.39\%) | 355.675   (0.66\%) | 342.364   (0.59\%) | 
| Sys. Unc.                 |  1773.83   (2.94\%) | 3251.32   (2.63\%) | 4960.03   (2.50\%) | 5350.95   (2.08\%) | 4513.86   (2.98\%) | 1765.96   (3.29\%) | 1837.59   (3.19\%) | 
| Bkg. Unc.                 |  1772.96   (2.94\%) | 1280.13   (1.03\%) | 535.258   (0.27\%) | 473.744   (0.18\%) | 285.218   (0.18\%) | 327.889   (0.61\%) | 589.166   (1.02\%) | 
---------------------------------------------------------------------------------------------------------------------------------------------------------------------------------------------
| Stat. Unc. (MC)           |  210.07    (0.34\%) | 361.449   (0.29\%) | 520.477   (0.26\%) | 604.246   (0.23\%) | 438.585   (0.29\%) | 268.23    (0.50\%) | 237.491   (0.41\%) | 
| AlternativeUnfolding      |  474.678   (0.78\%) | 726.749   (0.58\%) | 337.083   (0.17\%) | -932.094  (0.36\%) | -124.268  (0.08\%) | 317.355   (0.59\%) | 24.0598   (0.00\%) | 
| JetScale                  |  141.542   (0.23\%) | 211.854   (0.17\%) | -35.9073  (0.00\%) | -70.5107  (0.00\%) | -262.711  (0.17\%) | -269.119  (0.50\%) | -938.271  (1.62\%) | 
| JetResol                  |  117.342   (0.19\%) | 248.466   (0.20\%) | 111.025   (0.05\%) | -92.7343  (0.00\%) | -107.44   (0.07\%) | 26.6584   (0.00\%) | 460.955   (0.80\%) | 
| ResoSoftTerms             |  455.244   (0.75\%) | 125.538   (0.10\%) | -348.125  (0.17\%) | -800.994  (0.31\%) | -445.394  (0.29\%) | -138.03   (0.25\%) | 151.303   (0.26\%) | 
| ScaleSoftTerms            |  -306.426  (0.50\%) | -273.624  (0.22\%) | -261.804  (0.13\%) | -200.461  (0.07\%) | -238.907  (0.15\%) | -178.907  (0.33\%) | -272.729  (0.47\%) | 
| MuonKScale                |  431.451   (0.71\%) | 854.63    (0.69\%) | 1516.55   (0.76\%) | -267.88   (0.10\%) | -1629.27  (1.07\%) | -711.157  (1.32\%) | -365.747  (0.63\%) | 
| MuonCScale                |  -617.407  (1.02\%) | -1485.78  (1.20\%) | -2441.96  (1.23\%) | -1087.94  (0.42\%) | 2872.37   (1.90\%) | 1055.8    (1.96\%) | 695.918   (1.20\%) | 
| MuonResID                 |  8.09977   (0.00\%) | 12.0969   (0.00\%) | -38.1018  (0.00\%) | 54.2105   (0.00\%) | -17.5613  (0.00\%) | 8.31788   (0.00\%) | -8.4152   (0.00\%) | 
| MuonResMS                 |  -16.3322  (0.00\%) | 52.6507   (0.00\%) | -69.1004  (0.00\%) | 27.9042   (0.00\%) | 21.7314   (0.00\%) | -33.6796  (0.06\%) | 21.617    (0.00\%) | 
| MuonTriggerSF             |  1376.16   (2.28\%) | 2544.17   (2.06\%) | 3873.68   (1.95\%) | 4921.04   (1.91\%) | 2914.37   (1.92\%) | 1069.07   (1.99\%) | 1200.36   (2.08\%) | 
| MuonRecoSF                |  283.875   (0.47\%) | 548.949   (0.44\%) | 859.838   (0.43\%) | 1108.01   (0.43\%) | 657.074   (0.43\%) | 239.127   (0.44\%) | 264.943   (0.46\%) | 
| MuonIsoSF                 |  0         (0.00\%) | 0         (0.00\%) | 0         (0.00\%) | 0         (0.00\%) | 0         (0.00\%) | 0         (0.00\%) | 0         (0.00\%) | 
| QCD                       |  1636.25   (2.72\%) | 1111.19   (0.90\%) | 318.444   (0.16\%) | 355.553   (0.13\%) | 165.007   (0.10\%) | 271.999   (0.50\%) | 419.272   (0.72\%) | 
| EWK                       |  682.698   (1.13\%) | 635.597   (0.51\%) | 430.227   (0.21\%) | 313.074   (0.12\%) | 232.641   (0.15\%) | 183.106   (0.34\%) | 413.917   (0.71\%) | 
---------------------------------------------------------------------------------------------------------------------------------------------------------------------------------------------
| Bayesian5                 |  59655.8   (0.78\%) | 122730    (0.58\%) | 197860    (0.17\%) | 257574    (0.36\%) | 151205    (0.08\%) | 53312.8   (0.59\%) | 57572.1   (0.00\%) | 
---------------------------------------------------------------------------------------------------------------------------------------------------------------------------------------------
 Table: Unfolding Summary 


-------------------------------------------------------------------------------------------
| 1           -0.0355309  0.00690596  -0.0353795  0.0294835   0.0150473   -0.0095043    |
| -0.0355309  1           0.00283764  0.0456572   0.0121911   -0.0140649  0.0150209     |
| 0.00690596  0.00283764  1           -0.0076902  -0.0271271  -0.0050291  0.0155326     |
| -0.0353795  0.0456572   -0.0076902  1           -0.0063648  0.0337253   -0.0027936    |
| 0.0294835   0.0121911   -0.0271271  -0.0063648  1           -0.0136723  -0.0068394    |
| 0.0150473   -0.0140649  -0.0050291  0.0337253   -0.0136723  1           0.00536858    |
| -0.0095043  0.0150209   0.0155326   -0.0027936  -0.0068394  0.00536858  1             |
-------------------------------------------------------------------------------------------
 Table: Statistical Uncertainty Correlations

-------------------------------------------------------------------------------------------
| 1           0.964641    0.902082    0.737824    0.196595    0.237837    0.390925      |
| 0.964641    1           0.975314    0.803279    0.143874    0.171004    0.329149      |
| 0.902082    0.975314    1           0.850973    0.123717    0.119441    0.313529      |
| 0.737824    0.803279    0.850973    1           0.546295    0.486419    0.571505      |
| 0.196595    0.143874    0.123717    0.546295    1           0.967659    0.791322      |
| 0.237837    0.171004    0.119441    0.486419    0.967659    1           0.833473      |
| 0.390925    0.329149    0.313529    0.571505    0.791322    0.833473    1             |
-------------------------------------------------------------------------------------------
 Table: Systematic Uncertainty Correlations

-------------------------------------------------------------------------------------------
| 1           0.992285    0.858561    0.947113    0.847999    0.980613    0.927287      |
| 0.992285    1           0.915504    0.979591    0.907166    0.997342    0.966545      |
| 0.858561    0.915504    1           0.977684    0.999795    0.942384    0.988067      |
| 0.947113    0.979591    0.977684    1           0.973227    0.991633    0.998375      |
| 0.847999    0.907166    0.999795    0.973227    1           0.935414    0.984744      |
| 0.980613    0.997342    0.942384    0.991633    0.935414    1           0.982665      |
| 0.927287    0.966545    0.988067    0.998375    0.984744    0.982665    1             |
-------------------------------------------------------------------------------------------
 Table: Background Uncertainty Correlations

-------------------------------------------------------------------------------------------
| 1           0.877265    0.521766    0.469687    0.35833     0.64725     0.776427      |
| 0.877265    1           0.524565    0.481311    0.359601    0.614411    0.767843      |
| 0.521766    0.524565    1           0.312224    0.248184    0.396295    0.540046      |
| 0.469687    0.481311    0.312224    1           0.211304    0.370211    0.447098      |
| 0.35833     0.359601    0.248184    0.211304    1           0.262109    0.361126      |
| 0.64725     0.614411    0.396295    0.370211    0.262109    1           0.577789      |
| 0.776427    0.767843    0.540046    0.447098    0.361126    0.577789    1             |
-------------------------------------------------------------------------------------------
 Table: Combined Uncertainty Correlations

-------------------------------------------------------------------------------------------
| 3.34173e+0  2.24319e+0  816825      783226      436729      572448      967166        |
| 2.24319e+0  1.95658e+0  628372      614142      335362      415803      731875        |
| 816825      628372      733392      243909      141705      164197      315148        |
| 783226      614142      243909      832121      128513      163389      277914        |
| 436729      335362      141705      128513      444517      84548.4     164066        |
| 572448      415803      164197      163389      84548.4     234077      190486        |
| 967166      731875      315148      277914      164066      190486      464333        |
-------------------------------------------------------------------------------------------
 Table: Combined Uncertainty Covariance

\hline
 Bin                        & 20       - 25         & 25       - 30         & 30       - 35         & 35       - 40         & 40       - 45         & 45       - 50         & 50       - 120       \\
\hline
 Results                    & 60130.5              & 123457               & 198198               & 256642               & 151081               & 53630.2              & 57596.2              \\
 Comb. Unc.                 & 2547.17   (4.23\%)   & 3539.37   (2.86\%)   & 5033.41   (2.53\%)   & 5428.14   (2.11\%)   & 4562.49   (3.01\%)   & 1831.02   (3.41\%)   & 1959.87   (3.40\%)  \\
\hline
 Stat. Unc.                 & 445.224   (0.74\%)   & 563.317   (0.45\%)   & 668.433   (0.33\%)   & 779.546   (0.30\%)   & 600.013   (0.39\%)   & 355.675   (0.66\%)   & 342.364   (0.59\%)  \\
 Sys. Unc.                  & 1773.83   (2.94\%)   & 3251.32   (2.63\%)   & 4960.03   (2.50\%)   & 5350.95   (2.08\%)   & 4513.86   (2.98\%)   & 1765.96   (3.29\%)   & 1837.59   (3.19\%)  \\
 Bkg. Unc.                  & 1772.96   (2.94\%)   & 1280.13   (1.03\%)   & 535.258   (0.27\%)   & 473.744   (0.18\%)   & 285.218   (0.18\%)   & 327.889   (0.61\%)   & 589.166   (1.02\%)  \\
\hline
 Stat. Unc. (MC)            & 210.07    (0.34\%)   & 361.449   (0.29\%)   & 520.477   (0.26\%)   & 604.246   (0.23\%)   & 438.585   (0.29\%)   & 268.23    (0.50\%)   & 237.491   (0.41\%)  \\
 AlternativeUnfolding        & 474.678   (0.78\%)   & 726.749   (0.58\%)   & 337.083   (0.17\%)   & -932.094  (0.36\%)   & -124.268  (0.08\%)   & 317.355   (0.59\%)   & 24.0598   (0.00\%)  \\
 JetScale                    & 141.542   (0.23\%)   & 211.854   (0.17\%)   & -35.9073  (0.00\%)   & -70.5107  (0.00\%)   & -262.711  (0.17\%)   & -269.119  (0.50\%)   & -938.271  (1.62\%)  \\
 JetResol                    & 117.342   (0.19\%)   & 248.466   (0.20\%)   & 111.025   (0.05\%)   & -92.7343  (0.00\%)   & -107.44   (0.07\%)   & 26.6584   (0.00\%)   & 460.955   (0.80\%)  \\
 ResoSoftTerms               & 455.244   (0.75\%)   & 125.538   (0.10\%)   & -348.125  (0.17\%)   & -800.994  (0.31\%)   & -445.394  (0.29\%)   & -138.03   (0.25\%)   & 151.303   (0.26\%)  \\
 ScaleSoftTerms              & -306.426  (0.50\%)   & -273.624  (0.22\%)   & -261.804  (0.13\%)   & -200.461  (0.07\%)   & -238.907  (0.15\%)   & -178.907  (0.33\%)   & -272.729  (0.47\%)  \\
 MuonKScale                  & 431.451   (0.71\%)   & 854.63    (0.69\%)   & 1516.55   (0.76\%)   & -267.88   (0.10\%)   & -1629.27  (1.07\%)   & -711.157  (1.32\%)   & -365.747  (0.63\%)  \\
 MuonCScale                  & -617.407  (1.02\%)   & -1485.78  (1.20\%)   & -2441.96  (1.23\%)   & -1087.94  (0.42\%)   & 2872.37   (1.90\%)   & 1055.8    (1.96\%)   & 695.918   (1.20\%)  \\
 MuonResID                   & 8.09977   (0.00\%)   & 12.0969   (0.00\%)   & -38.1018  (0.00\%)   & 54.2105   (0.00\%)   & -17.5613  (0.00\%)   & 8.31788   (0.00\%)   & -8.4152   (0.00\%)  \\
 MuonResMS                   & -16.3322  (0.00\%)   & 52.6507   (0.00\%)   & -69.1004  (0.00\%)   & 27.9042   (0.00\%)   & 21.7314   (0.00\%)   & -33.6796  (0.06\%)   & 21.617    (0.00\%)  \\
 MuonTriggerSF               & 1376.16   (2.28\%)   & 2544.17   (2.06\%)   & 3873.68   (1.95\%)   & 4921.04   (1.91\%)   & 2914.37   (1.92\%)   & 1069.07   (1.99\%)   & 1200.36   (2.08\%)  \\
 MuonRecoSF                  & 283.875   (0.47\%)   & 548.949   (0.44\%)   & 859.838   (0.43\%)   & 1108.01   (0.43\%)   & 657.074   (0.43\%)   & 239.127   (0.44\%)   & 264.943   (0.46\%)  \\
 MuonIsoSF                   & 0         (0.00\%)   & 0         (0.00\%)   & 0         (0.00\%)   & 0         (0.00\%)   & 0         (0.00\%)   & 0         (0.00\%)   & 0         (0.00\%)  \\
 QCD                         & 1636.25   (2.72\%)   & 1111.19   (0.90\%)   & 318.444   (0.16\%)   & 355.553   (0.13\%)   & 165.007   (0.10\%)   & 271.999   (0.50\%)   & 419.272   (0.72\%)  \\
 EWK                         & 682.698   (1.13\%)   & 635.597   (0.51\%)   & 430.227   (0.21\%)   & 313.074   (0.12\%)   & 232.641   (0.15\%)   & 183.106   (0.34\%)   & 413.917   (0.71\%)  \\
\\
 Bayesian5                    & 59655.8   (0.78\%)   & 122730    (0.58\%)   & 197860    (0.17\%)   & 257574    (0.36\%)   & 151205    (0.08\%)   & 53312.8   (0.59\%)   & 57572.1   (0.00\%)  \\
\\
\hline
 Table: Unfolding Summary 


\hline
 1      & -0.03  & 0.006  & -0.03  & 0.029  & 0.015  & -0.00  \\
 -0.03  & 1      & 0.002  & 0.045  & 0.012  & -0.01  & 0.015  \\
 0.006  & 0.002  & 1      & -0.00  & -0.02  & -0.00  & 0.015  \\
 -0.03  & 0.045  & -0.00  & 1      & -0.00  & 0.033  & -0.00  \\
 0.029  & 0.012  & -0.02  & -0.00  & 1      & -0.01  & -0.00  \\
 0.015  & -0.01  & -0.00  & 0.033  & -0.01  & 1      & 0.005  \\
 -0.00  & 0.015  & 0.015  & -0.00  & -0.00  & 0.005  & 1      \\
\hline
 Table: Statistical Uncertainty Correlations

\hline
 1      & 0.964  & 0.902  & 0.737  & 0.196  & 0.237  & 0.390  \\
 0.964  & 1      & 0.975  & 0.803  & 0.143  & 0.171  & 0.329  \\
 0.902  & 0.975  & 1      & 0.850  & 0.123  & 0.119  & 0.313  \\
 0.737  & 0.803  & 0.850  & 1      & 0.546  & 0.486  & 0.571  \\
 0.196  & 0.143  & 0.123  & 0.546  & 1      & 0.967  & 0.791  \\
 0.237  & 0.171  & 0.119  & 0.486  & 0.967  & 1      & 0.833  \\
 0.390  & 0.329  & 0.313  & 0.571  & 0.791  & 0.833  & 1      \\
\hline
 Table: Systematic Uncertainty Correlations

\hline
 1      & 0.992  & 0.858  & 0.947  & 0.847  & 0.980  & 0.927  \\
 0.992  & 1      & 0.915  & 0.979  & 0.907  & 0.997  & 0.966  \\
 0.858  & 0.915  & 1      & 0.977  & 0.999  & 0.942  & 0.988  \\
 0.947  & 0.979  & 0.977  & 1      & 0.973  & 0.991  & 0.998  \\
 0.847  & 0.907  & 0.999  & 0.973  & 1      & 0.935  & 0.984  \\
 0.980  & 0.997  & 0.942  & 0.991  & 0.935  & 1      & 0.982  \\
 0.927  & 0.966  & 0.988  & 0.998  & 0.984  & 0.982  & 1      \\
\hline
 Table: Background Uncertainty Correlations

\hline
 1      & 0.877  & 0.521  & 0.469  & 0.358  & 0.647  & 0.776  \\
 0.877  & 1      & 0.524  & 0.481  & 0.359  & 0.614  & 0.767  \\
 0.521  & 0.524  & 1      & 0.312  & 0.248  & 0.396  & 0.540  \\
 0.469  & 0.481  & 0.312  & 1      & 0.211  & 0.370  & 0.447  \\
 0.358  & 0.359  & 0.248  & 0.211  & 1      & 0.262  & 0.361  \\
 0.647  & 0.614  & 0.396  & 0.370  & 0.262  & 1      & 0.577  \\
 0.776  & 0.767  & 0.540  & 0.447  & 0.361  & 0.577  & 1      \\
\hline
 Table: Combined Uncertainty Correlations

\hline
 3.341  & 2.243  & 81682  & 78322  & 43672  & 57244  & 96716  \\
 2.243  & 1.956  & 62837  & 61414  & 33536  & 41580  & 73187  \\
 81682  & 62837  & 73339  & 24390  & 14170  & 16419  & 31514  \\
 78322  & 61414  & 24390  & 83212  & 12851  & 16338  & 27791  \\
 43672  & 33536  & 14170  & 12851  & 44451  & 84548  & 16406  \\
 57244  & 41580  & 16419  & 16338  & 84548  & 23407  & 19048  \\
 96716  & 73187  & 31514  & 27791  & 16406  & 19048  & 46433  \\
\hline
 Table: Combined Uncertainty Covariance

Correlation Matrix Check: Statistical Uncertainty
422.034, 592.441, 654.363, 791.593, 589.708, 371.015, 352.604, 


Correlation Matrix Check: Systematic Uncertainty
15358.4, 15654.6, 15630.2, 17867.4, 12030.2, 11838.5, 13258.2, 


Correlation Matrix Check: Background Uncertainty
5061.18, 5148.73, 4868.88, 5121.19, 4833.07, 5163.15, 5075.43, 


Correlation Matrix Check: Combined Uncertainty
15169.6, 15297.4, 12830.2, 12417.8, 10331.9, 11986.8, 14506, 


[DEBUG INFORMATION]: EWUnfoldManager EW_Nominal
-----------------------------------------------------------------------------
 Binning          |   20 - 25 |   25 - 30 |   30 - 35 |   35 - 40 |   40 - 45 |   45 - 50 |   50 - 120 | 
-----------------------------------------------------------------------------
 C_W Factors      | 0.793     | 0.645     | 0.610     | 0.588     | 0.590     | 0.613     | 0.741     | 
 Fiducial Factors | 0.667     | 0.837     | 0.925     | 0.958     | 0.952     | 0.908     | 0.722     | 
 Eff.Reco. Factors| 0.469     | 0.513     | 0.552     | 0.579     | 0.586     | 0.577     | 0.553     | 
 Purity           | 0.907     | 0.854     | 0.835     | 0.814     | 0.781     | 0.756     | 0.876     | 
-----------------------------------------------------------------------------
 Response Matrix
-----------------------------------------------------------------------------
 Overflow Factors | Matrix Content ->
-----------------------------------------------------------------------------
1            | 0.849639     | 0.017897     | 0            | 0            | 0            | 0            | 0            | 
1            | 0.103186     | 0.855628     | 0.026731     | 3.0215e-     | 0            | 0            | 0            | 
1            | 0.021322     | 0.101635     | 0.858699     | 0.039168     | 5.86004e     | 0            | 0            | 
1            | 0.016455     | 0.016222     | 0.105117     | 0.878801     | 0.088868     | 0.000229     | 1.94582e     | 
1            | 0.006399     | 0.006151     | 0.007284     | 0.078895     | 0.855833     | 0.106339     | 0.000416     | 
1            | 0.001762     | 0.001622     | 0.001470     | 0.002206     | 0.052756     | 0.821753     | 0.049107     | 
1            | 0.001236     | 0.000843     | 0.000696     | 0.000926     | 0.002482     | 0.071679     | 0.950457     | 
-----------------------------------------------------------------------------

   Binning   |   Data   |   Truth   | Truth (Norm.) |  Unf. Nominal |  Unf. Nom. (Norm) | Unf. BinByBin  | Unf. Matrix | Stat. Unc. |
-------------------------------------------------------------------------------------------------------------------------------------
  20    - 25    | 44905.9  | 53635.8  | 0.0706598  | 56561.5 (269.2)  | 0.0635961  | 56561.5 (278.2)  | 56801.7 (147.1)  | 253.057  | 
  25    - 30    | 79935.2  | 106419  | 0.140196  | 123880 (300.5)  | 0.139287  | 123880 (453.5)  | 123359 (222.3)  | 396.705  | 
  30    - 35    | 118888  | 164303  | 0.216452  | 194795 (351.3)  | 0.219022  | 194795 (582.4)  | 194765 (286.4)  | 497.993  | 
  35    - 40    | 150741  | 208950  | 0.275271  | 256262 (405.7)  | 0.288133  | 256262 (679.2)  | 254771 (336.8)  | 570.096  | 
  40    - 45    | 87438.7  | 126089  | 0.16611  | 148121 (315.0)  | 0.166543  | 148121 (515  )  | 148654 (249.4)  | 415.09  | 
  45    - 50    | 32687.9  | 47452.3  | 0.0625136  | 53244.1 (194.5)  | 0.0598661  | 53244.1 (303.6)  | 53553.6 (142.7)  | 233.81  | 
  50    - 120   | 41891.9  | 52221.9  | 0.0687972  | 56522.5 (226.0)  | 0.0635522  | 56522.5 (288.4)  | 56733.7 (165.8)  | 252.924  | 
-------------------------------------------------------------------------------------------------------------------------------------


---------------------------------------------------------------------------------------------------------------------------------------------------------------------------------------------
| Bin                       |  20       - 25       | 25       - 30       | 30       - 35       | 35       - 40       | 40       - 45       | 45       - 50       | 50       - 120      | 
---------------------------------------------------------------------------------------------------------------------------------------------------------------------------------------------
| Results                   |  56561.5            | 123880             | 194795             | 256262             | 148121             | 53244.1            | 56522.5            | 
| Combined Unc.             |  2640.59   (4.66\%) | 3277.11   (2.64\%) | 4636.76   (2.38\%) | 5062.74   (1.97\%) | 4206.41   (2.83\%) | 1647.76   (3.09\%) | 1898.62   (3.35\%) | 
---------------------------------------------------------------------------------------------------------------------------------------------------------------------------------------------
| Stat. Unc.                |  377.866   (0.66\%) | 480.45    (0.38\%) | 570.234   (0.29\%) | 667.816   (0.26\%) | 532.304   (0.35\%) | 310.698   (0.58\%) | 296.923   (0.52\%) | 
| Sys. Unc.                 |  1952.96   (3.45\%) | 3011.47   (2.43\%) | 4530.13   (2.32\%) | 5004.35   (1.95\%) | 4163.22   (2.81\%) | 1592.89   (2.99\%) | 1681.99   (2.97\%) | 
| Bkg. Unc.                 |  1736.62   (3.07\%) | 1199.84   (0.96\%) | 807.652   (0.41\%) | 376.633   (0.14\%) | 279.463   (0.18\%) | 285.091   (0.53\%) | 829.169   (1.46\%) | 
---------------------------------------------------------------------------------------------------------------------------------------------------------------------------------------------
| Stat. Unc. (MC)           |  123.166   (0.21\%) | 291.849   (0.23\%) | 353.924   (0.18\%) | 443.092   (0.17\%) | 339.177   (0.22\%) | 201.001   (0.37\%) | 158.095   (0.27\%) | 
| AlternativeUnfolding      |  1114.75   (1.97\%) | 74.272    (0.05\%) | 753.732   (0.38\%) | -1457.52  (0.56\%) | 256.658   (0.17\%) | 149.733   (0.28\%) | 100.509   (0.17\%) | 
| JetScale                  |  144.827   (0.25\%) | 116.975   (0.09\%) | -56.1178  (0.00\%) | -187.661  (0.07\%) | -216.707  (0.14\%) | -219.59   (0.41\%) | -741.092  (1.31\%) | 
| JetResol                  |  132.183   (0.23\%) | 110.684   (0.08\%) | -46.0997  (0.00\%) | -79.754   (0.00\%) | 107.006   (0.07\%) | 93.6142   (0.17\%) | 246.438   (0.43\%) | 
| ResoSoftTerms             |  460.271   (0.81\%) | 184.243   (0.14\%) | -376.508  (0.19\%) | -800.255  (0.31\%) | -496.545  (0.33\%) | -128.423  (0.24\%) | 177.22    (0.31\%) | 
| ScaleSoftTerms            |  -279.352  (0.49\%) | -162.316  (0.13\%) | -106.66   (0.05\%) | -165.279  (0.06\%) | -281.375  (0.18\%) | -148.02   (0.27\%) | -284.432  (0.50\%) | 
| MuonKScale                |  450.951   (0.79\%) | 1036.15   (0.83\%) | 1215.43   (0.62\%) | -358.082  (0.13\%) | -1596.81  (1.07\%) | -585.293  (1.09\%) | -419.045  (0.74\%) | 
| MuonCScale                |  -720.888  (1.27\%) | -1465.69  (1.18\%) | -2357.77  (1.21\%) | -1017.25  (0.39\%) | 2674.29   (1.80\%) | 1032.42   (1.93\%) | 838.187   (1.48\%) | 
| MuonResID                 |  38.3989   (0.06\%) | -13.9987  (0.00\%) | -50.693   (0.00\%) | 28.9      (0.00\%) | -44.2635  (0.00\%) | 47.6022   (0.08\%) | -14.0852  (0.00\%) | 
| MuonResMS                 |  32.9801   (0.05\%) | -14.305   (0.00\%) | -53.3637  (0.00\%) | -68.5333  (0.00\%) | 31.2677   (0.00\%) | 32.6419   (0.06\%) | -18.136   (0.00\%) | 
| MuonTriggerSF             |  1213.65   (2.14\%) | 2356.64   (1.90\%) | 3515.77   (1.80\%) | 4515.89   (1.76\%) | 2628.34   (1.77\%) | 972.639   (1.82\%) | 1079.71   (1.91\%) | 
| MuonRecoSF                |  171.239   (0.30\%) | 340.654   (0.27\%) | 517.581   (0.26\%) | 672.027   (0.26\%) | 393.161   (0.26\%) | 145.839   (0.27\%) | 165.116   (0.29\%) | 
| MuonIsoSF                 |  0         (0.00\%) | 0         (0.00\%) | 0         (0.00\%) | 0         (0.00\%) | 0         (0.00\%) | 0         (0.00\%) | 0         (0.00\%) | 
| QCD                       |  1584.2    (2.80\%) | 997.568   (0.80\%) | 648.68    (0.33\%) | 200.288   (0.07\%) | 134.957   (0.09\%) | 219.991   (0.41\%) | 727.411   (1.28\%) | 
| EWK                       |  711.463   (1.25\%) | 666.694   (0.53\%) | 481.161   (0.24\%) | 318.963   (0.12\%) | 244.717   (0.16\%) | 181.33    (0.34\%) | 397.987   (0.70\%) | 
---------------------------------------------------------------------------------------------------------------------------------------------------------------------------------------------
| Bayesian5                 |  55446.7   (1.97\%) | 123806    (0.05\%) | 194041    (0.38\%) | 257719    (0.56\%) | 147865    (0.17\%) | 53094.4   (0.28\%) | 56422     (0.17\%) | 
---------------------------------------------------------------------------------------------------------------------------------------------------------------------------------------------
 Table: Unfolding Summary 


-------------------------------------------------------------------------------------------
| 1           -0.0161976  -0.0032477  0.0249019   -0.0047317  0.015451    -0.0318437    |
| -0.0161976  1           -0.0121487  -0.0020179  0.00140656  0.0219967   0.00907781    |
| -0.0032477  -0.0121487  1           0.0165066   -0.0135042  0.00059900  0.0109304     |
| 0.0249019   -0.0020179  0.0165066   1           -0.0366886  0.0177393   -0.0187287    |
| -0.0047317  0.00140656  -0.0135042  -0.0366886  1           -0.0104009  0.0144298     |
| 0.015451    0.0219967   0.00059900  0.0177393   -0.0104009  1           0.0342383     |
| -0.0318437  0.00907781  0.0109304   -0.0187287  0.0144298   0.0342383   1             |
-------------------------------------------------------------------------------------------
 Table: Statistical Uncertainty Correlations

-------------------------------------------------------------------------------------------
| 1           0.802848    0.828032    0.43347     0.0946191   0.113991    0.232008      |
| 0.802848    1           0.972989    0.787067    0.0648196   0.0575086   0.199693      |
| 0.828032    0.972989    1           0.775527    0.0920595   0.0833501   0.199898      |
| 0.43347     0.787067    0.775527    1           0.491197    0.461732    0.502925      |
| 0.0946191   0.0648196   0.0920595   0.491197    1           0.991911    0.867113      |
| 0.113991    0.0575086   0.0833501   0.461732    0.991911    1           0.909067      |
| 0.232008    0.199693    0.199898    0.502925    0.867113    0.909067    1             |
-------------------------------------------------------------------------------------------
 Table: Systematic Uncertainty Correlations

-------------------------------------------------------------------------------------------
| 1           0.986081    0.976742    0.83206     0.799272    0.9645      0.996918      |
| 0.986081    1           0.998797    0.912704    0.888067    0.994983    0.996085      |
| 0.976742    0.998797    1           0.931643    0.909542    0.998692    0.990552      |
| 0.83206     0.912704    0.931643    1           0.998391    0.949005    0.873011      |
| 0.799272    0.888067    0.909542    0.998391    1           0.929604    0.843955      |
| 0.9645      0.994983    0.998692    0.949005    0.929604    1           0.982244      |
| 0.996918    0.996085    0.990552    0.873011    0.843955    0.982244    1             |
-------------------------------------------------------------------------------------------
 Table: Background Uncertainty Correlations

-------------------------------------------------------------------------------------------
| 1           0.893208    0.77883     0.40384     0.362148    0.639425    0.914811      |
| 0.893208    1           0.754423    0.415398    0.38369     0.630346    0.871705      |
| 0.77883     0.754423    1           0.381803    0.338284    0.551374    0.763516      |
| 0.40384     0.415398    0.381803    1           0.199586    0.326355    0.398079      |
| 0.362148    0.38369     0.338284    0.199586    1           0.285282    0.373643      |
| 0.639425    0.630346    0.551374    0.326355    0.285282    1           0.63354       |
| 0.914811    0.871705    0.763516    0.398079    0.373643    0.63354     1             |
-------------------------------------------------------------------------------------------
 Table: Combined Uncertainty Correlations

-------------------------------------------------------------------------------------------
| 3.15865e+0  2.05173e+0  1.36926e+0  550512      386953      479334      1.43194e+0    |
| 2.05173e+0  1.67046e+0  964555      411803      298140      343633      992273        |
| 1.36926e+0  964555      978562      289695      201186      230059      665207        |
| 550512      411803      289695      588322      92036.5     105584      268918        |
| 386953      298140      201186      92036.5     361446      72342.8     197844        |
| 479334      343633      230059      105584      72342.8     177909      235351        |
| 1.43194e+0  992273      665207      268918      197844      235351      775690        |
-------------------------------------------------------------------------------------------
 Table: Combined Uncertainty Covariance

\hline
 Bin                        & 20       - 25         & 25       - 30         & 30       - 35         & 35       - 40         & 40       - 45         & 45       - 50         & 50       - 120       \\
\hline
 Results                    & 56561.5              & 123880               & 194795               & 256262               & 148121               & 53244.1              & 56522.5              \\
 Comb. Unc.                 & 2640.59   (4.66\%)   & 3277.11   (2.64\%)   & 4636.76   (2.38\%)   & 5062.74   (1.97\%)   & 4206.41   (2.83\%)   & 1647.76   (3.09\%)   & 1898.62   (3.35\%)  \\
\hline
 Stat. Unc.                 & 377.866   (0.66\%)   & 480.45    (0.38\%)   & 570.234   (0.29\%)   & 667.816   (0.26\%)   & 532.304   (0.35\%)   & 310.698   (0.58\%)   & 296.923   (0.52\%)  \\
 Sys. Unc.                  & 1952.96   (3.45\%)   & 3011.47   (2.43\%)   & 4530.13   (2.32\%)   & 5004.35   (1.95\%)   & 4163.22   (2.81\%)   & 1592.89   (2.99\%)   & 1681.99   (2.97\%)  \\
 Bkg. Unc.                  & 1736.62   (3.07\%)   & 1199.84   (0.96\%)   & 807.652   (0.41\%)   & 376.633   (0.14\%)   & 279.463   (0.18\%)   & 285.091   (0.53\%)   & 829.169   (1.46\%)  \\
\hline
 Stat. Unc. (MC)            & 123.166   (0.21\%)   & 291.849   (0.23\%)   & 353.924   (0.18\%)   & 443.092   (0.17\%)   & 339.177   (0.22\%)   & 201.001   (0.37\%)   & 158.095   (0.27\%)  \\
 AlternativeUnfolding        & 1114.75   (1.97\%)   & 74.272    (0.05\%)   & 753.732   (0.38\%)   & -1457.52  (0.56\%)   & 256.658   (0.17\%)   & 149.733   (0.28\%)   & 100.509   (0.17\%)  \\
 JetScale                    & 144.827   (0.25\%)   & 116.975   (0.09\%)   & -56.1178  (0.00\%)   & -187.661  (0.07\%)   & -216.707  (0.14\%)   & -219.59   (0.41\%)   & -741.092  (1.31\%)  \\
 JetResol                    & 132.183   (0.23\%)   & 110.684   (0.08\%)   & -46.0997  (0.00\%)   & -79.754   (0.00\%)   & 107.006   (0.07\%)   & 93.6142   (0.17\%)   & 246.438   (0.43\%)  \\
 ResoSoftTerms               & 460.271   (0.81\%)   & 184.243   (0.14\%)   & -376.508  (0.19\%)   & -800.255  (0.31\%)   & -496.545  (0.33\%)   & -128.423  (0.24\%)   & 177.22    (0.31\%)  \\
 ScaleSoftTerms              & -279.352  (0.49\%)   & -162.316  (0.13\%)   & -106.66   (0.05\%)   & -165.279  (0.06\%)   & -281.375  (0.18\%)   & -148.02   (0.27\%)   & -284.432  (0.50\%)  \\
 MuonKScale                  & 450.951   (0.79\%)   & 1036.15   (0.83\%)   & 1215.43   (0.62\%)   & -358.082  (0.13\%)   & -1596.81  (1.07\%)   & -585.293  (1.09\%)   & -419.045  (0.74\%)  \\
 MuonCScale                  & -720.888  (1.27\%)   & -1465.69  (1.18\%)   & -2357.77  (1.21\%)   & -1017.25  (0.39\%)   & 2674.29   (1.80\%)   & 1032.42   (1.93\%)   & 838.187   (1.48\%)  \\
 MuonResID                   & 38.3989   (0.06\%)   & -13.9987  (0.00\%)   & -50.693   (0.00\%)   & 28.9      (0.00\%)   & -44.2635  (0.00\%)   & 47.6022   (0.08\%)   & -14.0852  (0.00\%)  \\
 MuonResMS                   & 32.9801   (0.05\%)   & -14.305   (0.00\%)   & -53.3637  (0.00\%)   & -68.5333  (0.00\%)   & 31.2677   (0.00\%)   & 32.6419   (0.06\%)   & -18.136   (0.00\%)  \\
 MuonTriggerSF               & 1213.65   (2.14\%)   & 2356.64   (1.90\%)   & 3515.77   (1.80\%)   & 4515.89   (1.76\%)   & 2628.34   (1.77\%)   & 972.639   (1.82\%)   & 1079.71   (1.91\%)  \\
 MuonRecoSF                  & 171.239   (0.30\%)   & 340.654   (0.27\%)   & 517.581   (0.26\%)   & 672.027   (0.26\%)   & 393.161   (0.26\%)   & 145.839   (0.27\%)   & 165.116   (0.29\%)  \\
 MuonIsoSF                   & 0         (0.00\%)   & 0         (0.00\%)   & 0         (0.00\%)   & 0         (0.00\%)   & 0         (0.00\%)   & 0         (0.00\%)   & 0         (0.00\%)  \\
 QCD                         & 1584.2    (2.80\%)   & 997.568   (0.80\%)   & 648.68    (0.33\%)   & 200.288   (0.07\%)   & 134.957   (0.09\%)   & 219.991   (0.41\%)   & 727.411   (1.28\%)  \\
 EWK                         & 711.463   (1.25\%)   & 666.694   (0.53\%)   & 481.161   (0.24\%)   & 318.963   (0.12\%)   & 244.717   (0.16\%)   & 181.33    (0.34\%)   & 397.987   (0.70\%)  \\
\\
 Bayesian5                    & 55446.7   (1.97\%)   & 123806    (0.05\%)   & 194041    (0.38\%)   & 257719    (0.56\%)   & 147865    (0.17\%)   & 53094.4   (0.28\%)   & 56422     (0.17\%)  \\
\\
\hline
 Table: Unfolding Summary 


\hline
 1      & -0.01  & -0.00  & 0.024  & -0.00  & 0.015  & -0.03  \\
 -0.01  & 1      & -0.01  & -0.00  & 0.001  & 0.021  & 0.009  \\
 -0.00  & -0.01  & 1      & 0.016  & -0.01  & 0.000  & 0.010  \\
 0.024  & -0.00  & 0.016  & 1      & -0.03  & 0.017  & -0.01  \\
 -0.00  & 0.001  & -0.01  & -0.03  & 1      & -0.01  & 0.014  \\
 0.015  & 0.021  & 0.000  & 0.017  & -0.01  & 1      & 0.034  \\
 -0.03  & 0.009  & 0.010  & -0.01  & 0.014  & 0.034  & 1      \\
\hline
 Table: Statistical Uncertainty Correlations

\hline
 1      & 0.802  & 0.828  & 0.433  & 0.094  & 0.113  & 0.232  \\
 0.802  & 1      & 0.972  & 0.787  & 0.064  & 0.057  & 0.199  \\
 0.828  & 0.972  & 1      & 0.775  & 0.092  & 0.083  & 0.199  \\
 0.433  & 0.787  & 0.775  & 1      & 0.491  & 0.461  & 0.502  \\
 0.094  & 0.064  & 0.092  & 0.491  & 1      & 0.991  & 0.867  \\
 0.113  & 0.057  & 0.083  & 0.461  & 0.991  & 1      & 0.909  \\
 0.232  & 0.199  & 0.199  & 0.502  & 0.867  & 0.909  & 1      \\
\hline
 Table: Systematic Uncertainty Correlations

\hline
 1      & 0.986  & 0.976  & 0.832  & 0.799  & 0.964  & 0.996  \\
 0.986  & 1      & 0.998  & 0.912  & 0.888  & 0.994  & 0.996  \\
 0.976  & 0.998  & 1      & 0.931  & 0.909  & 0.998  & 0.990  \\
 0.832  & 0.912  & 0.931  & 1      & 0.998  & 0.949  & 0.873  \\
 0.799  & 0.888  & 0.909  & 0.998  & 1      & 0.929  & 0.843  \\
 0.964  & 0.994  & 0.998  & 0.949  & 0.929  & 1      & 0.982  \\
 0.996  & 0.996  & 0.990  & 0.873  & 0.843  & 0.982  & 1      \\
\hline
 Table: Background Uncertainty Correlations

\hline
 1      & 0.893  & 0.778  & 0.403  & 0.362  & 0.639  & 0.914  \\
 0.893  & 1      & 0.754  & 0.415  & 0.383  & 0.630  & 0.871  \\
 0.778  & 0.754  & 1      & 0.381  & 0.338  & 0.551  & 0.763  \\
 0.403  & 0.415  & 0.381  & 1      & 0.199  & 0.326  & 0.398  \\
 0.362  & 0.383  & 0.338  & 0.199  & 1      & 0.285  & 0.373  \\
 0.639  & 0.630  & 0.551  & 0.326  & 0.285  & 1      & 0.633  \\
 0.914  & 0.871  & 0.763  & 0.398  & 0.373  & 0.633  & 1      \\
\hline
 Table: Combined Uncertainty Correlations

\hline
 3.158  & 2.051  & 1.369  & 55051  & 38695  & 47933  & 1.431  \\
 2.051  & 1.670  & 96455  & 41180  & 29814  & 34363  & 99227  \\
 1.369  & 96455  & 97856  & 28969  & 20118  & 23005  & 66520  \\
 55051  & 41180  & 28969  & 58832  & 92036  & 10558  & 26891  \\
 38695  & 29814  & 20118  & 92036  & 36144  & 72342  & 19784  \\
 47933  & 34363  & 23005  & 10558  & 72342  & 17790  & 23535  \\
 1.431  & 99227  & 66520  & 26891  & 19784  & 23535  & 77569  \\
\hline
 Table: Combined Uncertainty Covariance

Correlation Matrix Check: Statistical Uncertainty
377.689, 476.333, 570.437, 666.09, 500.043, 343.923, 301.296, 


Correlation Matrix Check: Systematic Uncertainty
11256.8, 13623.3, 13810.6, 15360.7, 10456.8, 10335.5, 11216.9, 


Correlation Matrix Check: Background Uncertainty
5346.96, 5420.49, 5413.41, 4942.59, 4808.46, 5392.15, 5400.3, 


Correlation Matrix Check: Combined Uncertainty
15537.3, 15544.5, 14879.7, 11393.8, 10178.6, 12013.6, 15342.2, 


